%YAML:1.0
aruco_bc_nmarkers: 6
aruco_bc_mInfoType: 0
aruco_bc_markers:
   - { id:201, corners:[ [ -825., -125., 0. ], [ -575., -125., 0. ], [
       -575., 125., 0. ], [ -825., 125., 0. ] ] }
   - { id:267, corners:[ [ -545., -125., 0. ], [ -295., -125., 0. ], [
       -295., 125., 0. ], [ -545., 125., 0. ] ] }
   - { id:137, corners:[ [ -265., -125., 0. ], [ -15., -125., 0. ], [
       -15., 125., 0. ], [ -265., 125., 0. ] ] }
   - { id:464, corners:[ [ 15., -125., 0. ], [ 265., -125., 0. ], [ 265.,
       125., 0. ], [ 15., 125., 0. ] ] }
   - { id:362, corners:[ [ 295., -125., 0. ], [ 545., -125., 0. ], [
       545., 125., 0. ], [ 295., 125., 0. ] ] }
   - { id:14, corners:[ [ 575., -125., 0. ], [ 825., -125., 0. ], [ 825.,
       125., 0. ], [ 575., 125., 0. ] ] }
