%YAML:1.0
aruco_bc_nmarkers: 6
aruco_bc_mInfoType: 0
aruco_bc_markers:
   - { id:224, corners:[ [ -850., -550., 0. ], [ -350., -550., 0. ], [
       -350., -50., 0. ], [ -850., -50., 0. ] ] }
   - { id:383, corners:[ [ -250., -550., 0. ], [ 250., -550., 0. ], [
       250., -50., 0. ], [ -250., -50., 0. ] ] }
   - { id:232, corners:[ [ 350., -550., 0. ], [ 850., -550., 0. ], [
       850., -50., 0. ], [ 350., -50., 0. ] ] }
   - { id:568, corners:[ [ -850., 50., 0. ], [ -350., 50., 0. ], [ -350.,
       550., 0. ], [ -850., 550., 0. ] ] }
   - { id:254, corners:[ [ -250., 50., 0. ], [ 250., 50., 0. ], [ 250.,
       550., 0. ], [ -250., 550., 0. ] ] }
   - { id:405, corners:[ [ 350., 50., 0. ], [ 850., 50., 0. ], [ 850.,
       550., 0. ], [ 350., 550., 0. ] ] }
